各公司人工成本率统计(%)：
           mean       std        min        max
name                                           
三全食品  15.514847  0.927220  13.980561  16.638856
元祖股份  25.133744  3.042034  21.021253  29.539580
千味央厨  13.556663  1.055873  12.243806  14.782787
安井食品  12.066549  0.730260  11.022997  12.983247
广州酒家  18.899374  2.268747  16.124889  22.278290
桃李面包  15.825067  0.474334  15.463772  16.664394
立高食品  16.936470  1.577781  15.279396  18.834057
绝味食品  10.761466  2.103267   8.742652  14.384073

各年度人工成本率统计(%):
           mean       std        min        max
year                                           
2020  15.510652  3.786035   8.742652  21.021253
2021  16.011368  4.409581   9.272479  23.406973
2022  16.242757  4.900077  10.280365  23.567568
2023  15.917137  5.323729   9.848226  26.554695
2024  16.341479  4.630815  12.041003  26.712397
2025  16.497242  5.516265  11.022997  29.539580
